 98.53 98.56 98.52 98.51 98.51 98.52 98.49 98.54 98.57 98.55
 99.95 99.95 99.95 99.96 99.96 99.96 99.96 99.96 99.95 99.95
 99.27 99.36 99.32 99.25 99.25 99.28 99.24 99.27 99.34 99.31
 99.67 99.75 99.71 99.68 99.67 99.69 99.68 99.72 99.75 99.73
 100.69 100.69 100.67 100.66 100.64 100.65 100.66 100.67 100.69 100.71
 98.90 98.94 98.90 98.90 98.91 98.92 98.90 98.92 98.94 98.94
 111.07 111.07 110.98 110.88 110.83 110.82 110.84 110.93 111.05 111.09
 100.05 100.10 100.05 100.04 100.04 100.05 100.02 100.07 100.10 100.09
 97.55 97.62 97.58 97.59 97.58 97.60 97.56 97.62 97.63 97.62
 99.35 99.37 99.36 99.38 99.38 99.39 99.37 99.37 99.37 99.37
 99.73 99.79 99.75 99.70 99.70 99.72 99.68 99.72 99.76 99.76
 110.29 110.27 110.18 110.12 110.07 110.05 110.09 110.13 110.25 110.30
 102.12 102.16 102.12 102.09 102.07 102.10 102.08 102.11 102.16 102.16
 100.56 100.58 100.55 100.53 100.53 100.54 100.52 100.55 100.58 100.59
 117.73 117.76 117.67 117.54 117.52 117.54 117.50 117.63 117.75 117.79
 102.55 102.63 102.57 102.56 102.54 102.58 102.53 102.58 102.64 102.63
 99.96 99.96 99.96 99.96 99.96 99.96 99.96 99.96 99.96 99.96
 99.41 99.66 99.50 99.49 99.54 99.68 99.46 99.54 99.69 99.61
 135.27 135.98 135.49 135.53 135.61 135.96 135.42 135.45 135.97 135.89
 102.84 103.45 103.27 103.07 103.15 103.34 102.90 102.85 103.34 103.21
 102.45 102.65 102.51 102.47 102.51 102.62 102.46 102.54 102.68 102.62
 137.76 138.09 137.82 137.70 137.74 137.92 137.67 137.83 138.11 138.01
 98.24 98.58 98.48 98.25 98.34 98.47 98.24 98.30 98.48 98.43
 99.52 99.67 99.58 99.53 99.55 99.64 99.50 99.59 99.68 99.65
 105.36 105.98 105.58 105.57 105.67 105.97 105.50 105.55 105.98 105.85
 99.20 99.54 99.31 99.27 99.37 99.56 99.28 99.38 99.57 99.47
 95.46 95.93 95.63 95.73 95.79 96.01 95.66 95.69 95.96 95.83
 120.77 120.89 120.77 120.68 120.65 120.72 120.63 120.75 120.95 120.91
 100.31 100.48 100.44 100.31 100.31 100.38 100.27 100.35 100.45 100.42
 143.48 144.07 143.68 143.68 143.72 144.00 143.59 143.68 144.10 143.94
 103.68 103.91 103.76 103.74 103.76 103.90 103.73 103.79 103.93 103.86
 103.21 103.49 103.32 103.29 103.35 103.51 103.27 103.38 103.57 103.46
